Set parameter Username
Academic license - for non-commercial use only - expires 2023-05-11
Set parameter Username
Academic license - for non-commercial use only - expires 2023-05-11
Set parameter Username
Academic license - for non-commercial use only - expires 2023-05-11
Set parameter Username
Academic license - for non-commercial use only - expires 2023-05-11
Set parameter Username
Academic license - for non-commercial use only - expires 2023-05-11
Set parameter Username
Academic license - for non-commercial use only - expires 2023-05-11
Set parameter Username
Academic license - for non-commercial use only - expires 2023-05-11
Set parameter Username
Academic license - for non-commercial use only - expires 2023-05-11
Set parameter Username
Academic license - for non-commercial use only - expires 2023-05-11
Set parameter Username
Academic license - for non-commercial use only - expires 2023-05-11
Set parameter Username
Academic license - for non-commercial use only - expires 2023-05-11
Set parameter Username
Academic license - for non-commercial use only - expires 2023-05-11
Set parameter Username
Academic license - for non-commercial use only - expires 2023-05-11
Set parameter Username
Academic license - for non-commercial use only - expires 2023-05-11
Set parameter Username
Academic license - for non-commercial use only - expires 2023-05-11

****************** Checking [1, 1, 1] ******************

------ RESULT -------
total_num_constraints = 22
found = false
  5.769517 seconds (10.88 M allocations: 623.760 MiB, 3.38% gc time, 99.67% compilation time)
w not found! Move to next best a.

****************** Checking [2, 1, 1] ******************

------ RESULT -------
total_num_constraints = 22
found = false
  0.033910 seconds (66.14 k allocations: 4.046 MiB, 90.40% compilation time)
w not found! Move to next best a.

****************** Checking [1, 2, 1] ******************

------ RESULT -------
total_num_constraints = 22
found = false
  0.002774 seconds (25.74 k allocations: 1.941 MiB)
w not found! Move to next best a.

****************** Checking [1, 1, 2] ******************

------ RESULT -------
total_num_constraints = 22
found = true
obj_val = 0.4
w = [0.2, 0.0, 0.2]
z = [0.2, 0.0, 0.2]
  0.292103 seconds (539.07 k allocations: 29.677 MiB, 98.31% compilation time)
x_tilde = [[0.0, 1.0, 0.0, 0.0, 0.0, 0.0], [0.0, 0.0, 1.0, 0.0, 0.0, 0.0], [0.0, 1.0, 0.0, 0.0, 0.0, 0.0]]

 w=([0.2, 0.0, 0.2]) does not lead to a=([1, 1, 2])! Move to next best a.

****************** Checking [3, 1, 1] ******************

------ RESULT -------
total_num_constraints = 22
found = false
  0.002754 seconds (25.74 k allocations: 1.941 MiB)
w not found! Move to next best a.

****************** Checking [1, 3, 1] ******************

------ RESULT -------
total_num_constraints = 22
found = false
  0.002439 seconds (25.74 k allocations: 1.941 MiB)
w not found! Move to next best a.

****************** Checking [1, 1, 3] ******************

------ RESULT -------
total_num_constraints = 22
found = false
  0.002528 seconds (25.74 k allocations: 1.941 MiB)
w not found! Move to next best a.

****************** Checking [4, 3, 2] ******************

------ RESULT -------
total_num_constraints = 22
found = true
obj_val = 0.6666666666666666
w = [0.0, 0.6666666666666666, 0.0]
z = [0.0, 0.6666666666666666, 0.0]
  0.002504 seconds (25.89 k allocations: 1.947 MiB)
x_tilde = [[0.0, 1.0, 0.0, 0.0, 0.0, 0.0], [0.0, 1.0, 0.0, 0.0, 0.0, 0.0], [0.0, 0.0, 1.0, 0.0, 0.0, 0.0]]

 w=([0.0, 0.6666666666666666, 0.0]) does not lead to a=([4, 3, 2])! Move to next best a.

****************** Checking [3, 4, 2] ******************

------ RESULT -------
total_num_constraints = 22
found = false
  0.002437 seconds (25.74 k allocations: 1.941 MiB)
w not found! Move to next best a.

****************** Checking [4, 2, 3] ******************

------ RESULT -------
total_num_constraints = 22
found = true
obj_val = 0.6666666666666666
w = [0.6666666666666666, 0.0, 0.0]
z = [0.6666666666666666, 0.0, 0.0]
  0.002513 seconds (25.89 k allocations: 1.947 MiB)
x_tilde = [[0.0, 0.0, 1.0, 0.0, 0.0, 0.0], [0.0, 1.0, 0.0, 0.0, 0.0, 0.0], [0.0, 1.0, 0.0, 0.0, 0.0, 0.0]]

 w=([0.6666666666666666, 0.0, 0.0]) does not lead to a=([4, 2, 3])! Move to next best a.

****************** Checking [2, 4, 3] ******************

------ RESULT -------
total_num_constraints = 22
found = true
obj_val = 0.6666666666666666
w = [0.0, 0.0, 0.6666666666666666]
z = [0.0, 0.0, 0.6666666666666666]
  0.002884 seconds (25.89 k allocations: 1.947 MiB)
x_tilde = [[0.0, 0.6250000000000001, 0.3749999999999996, 0.0, 0.0, 0.0], [0.0, 0.6607142857142853, 0.33928571428571475, 0.0, 0.0, 0.0], [0.0, 0.6250000000000004, 0.37499999999999944, 0.0, 0.0, 0.0]]

 w=([0.0, 0.0, 0.6666666666666666]) does not lead to a=([2, 4, 3])! Move to next best a.

****************** Checking [3, 2, 4] ******************

------ RESULT -------
total_num_constraints = 22
found = false
  0.002674 seconds (25.74 k allocations: 1.941 MiB)
w not found! Move to next best a.

****************** Checking [2, 3, 4] ******************

------ RESULT -------
total_num_constraints = 22
found = false
  0.002480 seconds (25.74 k allocations: 1.941 MiB)
w not found! Move to next best a.

****************** Checking [3, 2, 2] ******************

------ RESULT -------
total_num_constraints = 22
found = true
obj_val = 0.0
w = [0.0, 0.0, 0.0]
z = [0.0, 0.0, 0.0]
  0.002812 seconds (25.89 k allocations: 1.947 MiB)
x_tilde = [[0.0, 0.9999999999999998, 0.0, 0.0, 0.0, 0.0], [0.0, 0.0, 0.9999999999999989, 0.0, 0.0, 0.0], [0.0, 1.0, 0.0, 0.0, 0.0, 0.0]]

 w=([0.0, 0.0, 0.0]) does not lead to a=([3, 2, 2])! Move to next best a.

****************** Checking [2, 3, 2] ******************

------ RESULT -------
total_num_constraints = 22
found = true
obj_val = 0.0
w = [0.0, 0.0, 0.0]
z = [0.0, 0.0, 0.0]
  0.002564 seconds (25.89 k allocations: 1.947 MiB)
x_tilde = [[0.0, 0.9999999999999998, 0.0, 0.0, 0.0, 0.0], [0.0, 0.0, 0.9999999999999989, 0.0, 0.0, 0.0], [0.0, 1.0, 0.0, 0.0, 0.0, 0.0]]
 11.452128 seconds (33.37 M allocations: 1.820 GiB, 6.69% gc time, 99.24% compilation time)


****** SUMMARY ******
N = 3
M = 6
V = [46.0 46.0 46.0 9.0 9.5 10.0; 46.0 11.0 8.5 10.5 11.0 11.5; 46.0 8.5 13.0 11.0 11.5 12.0; 9.0 10.5 11.0 21.0 13.5 14.0; 9.5 11.0 11.5 13.5 23.0 14.5; 10.0 11.5 12.0 14.0 14.5 25.0;;; 46.0 11.0 8.5 10.5 11.0 11.5; 11.0 13.5 8.0 10.0 10.5 11.0; 8.5 46.0 9.5 46.0 8.0 8.5; 10.5 10.0 46.0 17.5 10.0 10.5; 11.0 10.5 8.0 10.0 19.5 11.0; 11.5 11.0 8.5 10.5 11.0 21.5;;; 46.0 8.5 13.0 11.0 11.5 12.0; 8.5 8.0 9.5 46.0 8.0 8.5; 13.0 9.5 18.0 12.0 12.5 13.0; 11.0 46.0 12.0 18.0 10.5 11.0; 11.5 8.0 12.5 10.5 20.0 11.5; 12.0 8.5 13.0 11.0 11.5 22.0;;; 9.0 10.5 11.0 21.0 13.5 14.0; 10.5 10.0 46.0 17.5 10.0 10.5; 11.0 46.0 12.0 18.0 10.5 11.0; 21.0 17.5 18.0 36.0 20.5 21.0; 13.5 10.0 10.5 20.5 22.0 13.5; 14.0 10.5 11.0 21.0 13.5 24.0;;; 9.5 11.0 11.5 13.5 23.0 14.5; 11.0 10.5 8.0 10.0 19.5 11.0; 11.5 8.0 12.5 10.5 20.0 11.5; 13.5 10.0 10.5 20.5 22.0 13.5; 23.0 19.5 20.0 22.0 40.5 23.0; 14.5 11.0 11.5 13.5 23.0 24.5;;; 10.0 11.5 12.0 14.0 14.5 25.0; 11.5 11.0 8.5 10.5 11.0 21.5; 12.0 8.5 13.0 11.0 11.5 22.0; 14.0 10.5 11.0 21.0 13.5 24.0; 14.5 11.0 11.5 13.5 23.0 24.5; 25.0 21.5 22.0 24.0 24.5 45.0]
V_min_a = CartesianIndex(2, 3, 2)

------ Orignal Game Sol -------
x = [[0.0, 0.9999999999999998, 0.0, 0.0, 0.0, 0.0], [0.0, 0.0, 0.9999999999999989, 0.0, 0.0, 0.0], [0.0, 1.0, 0.0, 0.0, 0.0, 0.0]]
a = [2, 3, 2]

------ Modifed Game Sol -------
w = [0.0, 0.0, 0.0]
x_tilde = [[0.0, 0.9999999999999998, 0.0, 0.0, 0.0, 0.0], [0.0, 0.0, 0.9999999999999989, 0.0, 0.0, 0.0], [0.0, 1.0, 0.0, 0.0, 0.0, 0.0]]
a_tilde = [2, 3, 2]
